job_Title,Negative,Neutral,Positive
AI Architect,2.0161290322580645,60.88709677419355,37.096774193548384
AI Developer,16.182572614107883,63.90041493775933,19.91701244813278
AI Engineer,8.571428571428571,80.40816326530611,11.020408163265307
AI Product Manager,8.835341365461847,67.46987951807229,23.694779116465863
AI Programmer,11.11111111111111,71.60493827160494,17.28395061728395
AI Research Engineer,17.142857142857142,64.48979591836735,18.367346938775512
AI Research Scientist,22.448979591836736,49.38775510204081,28.163265306122447
AI Scientist,24.481327800829874,40.66390041493776,34.85477178423236
AI Software Engineer,17.42738589211618,68.04979253112033,14.522821576763487
AWS Data Architect,0.4,62.0,37.6
Admin & Data Analyst,2.857142857142857,57.95918367346938,39.183673469387756
Analytics Engineer,1.6064257028112447,93.57429718875501,4.819277108433735
Analytics Engineering Manager,3.614457831325301,81.12449799196787,15.261044176706829
Applied Data Scientist,9.090909090909092,72.31404958677686,18.59504132231405
Applied Machine Learning Engineer,0.0,36.29032258064516,63.70967741935484
Applied Machine Learning Scientist,0.0,78.0,22.0
Applied Research Scientist,12.244897959183673,57.14285714285714,30.612244897959183
Applied Scientist,1.2,72.0,26.8
Autonomous Vehicle Technician,17.916666666666668,59.166666666666664,22.916666666666664
Azure Data Engineer,2.0,68.4,29.599999999999998
BI Analyst,3.319502074688797,83.40248962655602,13.278008298755188
BI Data Analyst,6.938775510204081,71.42857142857143,21.63265306122449
BI Data Engineer,4.417670682730924,85.14056224899599,10.441767068273093
BI Developer,2.42914979757085,87.04453441295547,10.526315789473683
Big Data Architect,2.8112449799196786,62.65060240963856,34.53815261044177
Big Data Developer,10.975609756097562,56.50406504065041,32.52032520325203
Big Data Engineer,2.4,93.60000000000001,4.0
Business Data Analyst,2.42914979757085,86.63967611336032,10.931174089068826
Business Intelligence Analyst,0.0,0.8,99.2
Business Intelligence Data Analyst,1.639344262295082,13.524590163934427,84.8360655737705
Business Intelligence Developer,1.6129032258064515,1.2096774193548387,97.17741935483872
Business Intelligence Engineer,0.0,0.0,100.0
Business Intelligence Lead,7.6923076923076925,6.882591093117409,85.4251012145749
Business Intelligence Manager,4.149377593360995,6.224066390041494,89.62655601659752
Business Intelligence Specialist,4.11522633744856,8.641975308641975,87.24279835390946
CRM Data Analyst,10.483870967741936,75.80645161290323,13.709677419354838
Cloud Data Architect,0.8032128514056224,51.40562248995983,47.791164658634536
Cloud Data Engineer,3.6290322580645165,83.06451612903226,13.306451612903224
Cloud Database Engineer,0.8032128514056224,73.49397590361446,25.702811244979916
Compliance Data Analyst,10.121457489878543,70.8502024291498,19.02834008097166
Computational Biologist,8.849557522123893,73.89380530973452,17.25663716814159
Computer Vision Engineer,2.0325203252032518,4.878048780487805,93.08943089430895
Computer Vision Software Engineer,0.796812749003984,2.3904382470119523,96.81274900398407
Consultant Data Engineer,4.032258064516129,76.20967741935483,19.758064516129032
Data Analyst,11.475409836065573,72.1311475409836,16.39344262295082
Data Analyst Lead,6.0728744939271255,80.5668016194332,13.360323886639677
Data Analytics Associate,5.761316872427984,65.4320987654321,28.80658436213992
Data Analytics Consultant,4.508196721311475,70.90163934426229,24.59016393442623
Data Analytics Engineer,2.0,89.2,8.799999999999999
Data Analytics Lead,4.048582995951417,71.65991902834008,24.291497975708502
Data Analytics Manager,7.053941908713693,76.76348547717843,16.182572614107883
Data Analytics Specialist,6.995884773662551,71.19341563786008,21.810699588477366
Data Architect,0.4032258064516129,87.90322580645162,11.693548387096774
Data DevOps Engineer,2.0325203252032518,67.47967479674797,30.48780487804878
Data Developer,8.786610878661087,68.6192468619247,22.594142259414227
Data Engineer,10.330578512396695,73.96694214876032,15.702479338842975
Data Infrastructure Engineer,0.4,98.0,1.6
Data Integration Developer,9.12863070539419,55.601659751037346,35.26970954356847
Data Integration Engineer,1.2,78.8,20.0
Data Integration Specialist,5.263157894736842,69.63562753036437,25.101214574898783
Data Lead,15.18987341772152,59.49367088607595,25.31645569620253
Data Management Analyst,5.714285714285714,64.89795918367346,29.38775510204082
Data Management Consultant,5.3061224489795915,65.71428571428571,28.97959183673469
Data Management Specialist,6.938775510204081,75.10204081632654,17.959183673469386
Data Manager,7.024793388429752,71.48760330578511,21.487603305785125
Data Modeler,3.2388663967611335,77.7327935222672,19.02834008097166
Data Operations Analyst,2.4096385542168677,84.73895582329317,12.851405622489958
Data Operations Associate,8.677685950413224,74.3801652892562,16.94214876033058
Data Operations Engineer,4.3999999999999995,84.39999999999999,11.200000000000001
Data Operations Manager,7.317073170731707,78.45528455284553,14.227642276422763
Data Operations Specialist,4.048582995951417,80.97165991902834,14.979757085020243
Data Pipeline Engineer,3.643724696356275,58.2995951417004,38.05668016194332
Data Product Manager,5.622489959839357,75.1004016064257,19.27710843373494
Data Product Owner,10.16260162601626,69.91869918699187,19.91869918699187
Data Quality Analyst,8.097165991902834,73.27935222672065,18.62348178137652
Data Quality Engineer,4.838709677419355,83.87096774193549,11.29032258064516
Data Quality Manager,12.601626016260163,60.16260162601627,27.235772357723576
Data Reporting Analyst,11.618257261410788,70.95435684647303,17.42738589211618
Data Science Analyst,7.851239669421488,71.07438016528926,21.074380165289256
Data Science Consultant,6.557377049180328,66.80327868852459,26.639344262295083
Data Science Director,9.663865546218489,60.924369747899156,29.411764705882355
Data Science Engineer,7.818930041152264,82.3045267489712,9.876543209876543
Data Science Lead,7.883817427385892,68.46473029045643,23.651452282157674
Data Science Manager,7.5,67.08333333333333,25.416666666666664
Data Science Tech Lead,2.4096385542168677,83.93574297188755,13.654618473895583
Data Scientist,22.317596566523605,60.08583690987125,17.59656652360515
Data Scientist Lead,14.705882352941178,60.50420168067227,24.789915966386555
Data Specialist,3.6290322580645165,81.04838709677419,15.32258064516129
Data Strategist,10.548523206751055,61.60337552742617,27.848101265822784
Data Strategy Manager,8.097165991902834,51.821862348178136,40.08097165991903
Data Visualization Analyst,8.94308943089431,63.82113821138211,27.235772357723576
Data Visualization Engineer,2.4096385542168677,90.36144578313254,7.228915662650602
Data Visualization Specialist,4.8582995951417,73.68421052631578,21.45748987854251
Decision Scientist,18.951612903225808,58.87096774193549,22.177419354838708
Deep Learning Engineer,2.0,51.2,46.800000000000004
Deep Learning Researcher,6.967213114754098,75.0,18.0327868852459
Director of Business Intelligence,8.936170212765958,23.829787234042556,67.23404255319149
Director of Data Science,2.5,80.41666666666667,17.083333333333332
ETL Developer,2.4096385542168677,81.12449799196787,16.46586345381526
ETL Engineer,1.2048192771084338,54.61847389558233,44.17670682730924
Encounter Data Management Professional,9.821428571428571,61.60714285714286,28.57142857142857
Finance Data Analyst,6.048387096774194,79.03225806451613,14.919354838709678
Financial Data Analyst,3.614457831325301,91.16465863453816,5.220883534136546
Head of Data,1.6194331983805668,80.16194331983806,18.218623481781375
Head of Data Science,4.132231404958678,74.79338842975206,21.074380165289256
Head of Machine Learning,4.819277108433735,75.50200803212851,19.67871485943775
Insight Analyst,2.8000000000000003,66.4,30.8
Lead Data Analyst,1.6064257028112447,93.57429718875501,4.819277108433735
Lead Data Engineer,0.8032128514056224,83.53413654618474,15.66265060240964
Lead Data Scientist,8.19672131147541,69.26229508196722,22.540983606557376
Lead Machine Learning Engineer,0.0,88.0,12.0
ML Engineer,3.2520325203252036,81.30081300813008,15.447154471544716
ML Ops Engineer,0.4,92.0,7.6
MLOps Engineer,0.4016064257028112,89.5582329317269,10.040160642570282
Machine Learning Developer,5.737704918032787,79.91803278688525,14.344262295081966
Machine Learning Engineer,3.5999999999999996,89.60000000000001,6.800000000000001
Machine Learning Infrastructure Engineer,0.4,67.2,32.4
Machine Learning Manager,6.557377049180328,84.01639344262296,9.426229508196721
Machine Learning Modeler,10.204081632653061,60.0,29.795918367346943
Machine Learning Operations Engineer,0.4,67.60000000000001,32.0
Machine Learning Research Engineer,0.0,96.8,3.2
Machine Learning Researcher,6.504065040650407,78.04878048780488,15.447154471544716
Machine Learning Scientist,4.4534412955465585,73.68421052631578,21.86234817813765
Machine Learning Software Engineer,1.1904761904761905,88.09523809523809,10.714285714285714
Machine Learning Specialist,6.6115702479338845,69.83471074380165,23.553719008264462
Manager Data Management,24.686192468619247,58.57740585774059,16.736401673640167
Managing Director Data Science,2.0242914979757085,61.53846153846154,36.43724696356275
Marketing Data Analyst,1.6,87.2,11.200000000000001
Marketing Data Engineer,9.67741935483871,71.37096774193549,18.951612903225808
Marketing Data Scientist,14.285714285714285,68.4873949579832,17.22689075630252
NLP Engineer,1.6064257028112447,91.16465863453816,7.228915662650602
Power BI Developer,3.2,80.0,16.8
Principal Data Analyst,5.622489959839357,68.27309236947792,26.104417670682732
Principal Data Architect,1.2048192771084338,62.24899598393574,36.54618473895582
Principal Data Engineer,2.0080321285140563,78.714859437751,19.27710843373494
Principal Data Scientist,3.6734693877551026,84.89795918367346,11.428571428571429
Principal Machine Learning Engineer,0.0,77.2,22.8
Product Data Analyst,1.6064257028112447,93.17269076305222,5.220883534136546
Prompt Engineer,4.048582995951417,84.21052631578947,11.740890688259109
Quantitative Research Analyst,8.130081300813007,77.64227642276423,14.227642276422763
Research Analyst,2.4096385542168677,89.95983935742971,7.630522088353414
Research Engineer,9.274193548387096,79.03225806451613,11.693548387096774
Research Scientist,19.327731092436977,60.50420168067227,20.168067226890756
Robotics Engineer,5.349794238683128,78.18930041152264,16.46090534979424
Robotics Software Engineer,3.6290322580645165,87.90322580645162,8.46774193548387
Sales Data Analyst,13.877551020408163,67.3469387755102,18.775510204081634
Software Data Engineer,14.107883817427386,65.97510373443983,19.91701244813278
Staff Data Analyst,6.854838709677419,74.59677419354838,18.548387096774192
Staff Data Scientist,6.122448979591836,76.73469387755102,17.142857142857142
Staff Machine Learning Engineer,2.4193548387096775,80.24193548387096,17.338709677419356
